   0.0000 1934652.3806
   2.0678 920098.9655
   4.1357 848102.9449
   6.2035 757171.0705
   8.2713 2024176.5524
  10.3392 791627.4174
  12.4070 1683612.4226
  14.4748 1800846.7303
  16.5427 1708926.1388
  18.6105 3175404.4586
  20.6784 32506709.5462
  22.7462 4891765.5949
  24.8140 2729743.7181
  26.8819 1023178.6670
  28.9497 2675318.0697
  31.0175 17205622.3918
  33.0854 1663749.5872
  35.1532 2588473.0648
  37.2210 1088582.2811
  39.2889 6031920.6868
  41.3567 14609721.7920
  43.4245 8726683.5036
  45.4924 2763557.0935
  47.5602 1437497.2318
  49.6280 1105524.3773
  51.6959 2664731.7037
  53.7637 1523690.2264
  55.8315 1042546.7277
  57.8994 11672759.3093
  59.9672 6356710.2328
  62.0351 619041.2316
  64.1029 1954512.6396
  66.1707 3564463.9387
  68.2386 7370021.4225
  70.3064 5571968.5447
  72.3742 5496284.1721
  74.4421 5462307.3450
  76.5099 7017218.8513
  78.5777 10441923.2296
  80.6456 13093530.7230
  82.7134 3784706.4974
  84.7812 871958.8471
  86.8491 1047070.6215
  88.9169 1734900.2321
  90.9847 1715990.6827
  93.0526 1652348.2039
  95.1204 2399448.2702
  97.1882 2531906.7709
  99.2561 2205648.8778
 101.3239 1621755.6652
 103.3918 789268.5153
 105.4596 509100.3324
 107.5274 152545.0571
 109.5953 1251565.3100
 111.6631 606930.6615
 113.7309 636827.4981
 115.7988 586861.6769
 117.8666 374666.3073
 119.9344 354992.4830
 122.0023 329662.0024
 124.0701 603848.0060
 126.1379 452004.7344
 128.2058 492566.0198
-128.2058 450473.5862
-126.1379 575485.4539
-124.0701 443180.4684
-122.0023 452062.5229
-119.9344 644678.7348
-117.8666 489973.8709
-115.7988 269809.6401
-113.7309 487909.1200
-111.6631 404099.2151
-109.5953 502208.0795
-107.5274 476961.6725
-105.4596 1536241.8512
-103.3918 539992.3113
-101.3239 781719.4538
 -99.2561 2615604.6096
 -97.1882 3081194.9094
 -95.1204 2471025.1954
 -93.0526 2059680.9687
 -90.9847 780046.0345
 -88.9169 1333754.1081
 -86.8491 644070.2008
 -84.7812 1704958.6134
 -82.7134 1772605.9170
 -80.6456 12352906.3058
 -78.5777 7637711.7659
 -76.5099 17685891.2150
 -74.4421 17850367.0597
 -72.3742 3089738.3905
 -70.3064 3678326.7078
 -68.2386 3385458.5440
 -66.1707 1864094.8186
 -64.1029 2389416.8848
 -62.0351 5437143.6429
 -59.9672 18009401.6227
 -57.8994 6984459.7303
 -55.8315 2571003.8127
 -53.7637 4050569.5718
 -51.6959 2181883.2227
 -49.6280 2160003.6751
 -47.5602 2926350.9653
 -45.4924 3631310.6076
 -43.4245 13573053.4036
 -41.3567 29225312.6724
 -39.2889 6598831.7227
 -37.2210 2461636.1958
 -35.1532 1511303.4992
 -33.0854 5503180.6487
 -31.0175 17878655.7317
 -28.9497 3052024.1525
 -26.8819 2047251.2972
 -24.8140 2657914.4589
 -22.7462 4509911.7473
 -20.6784 7574106.5656
 -18.6105 3198528.4696
 -16.5427 1135843.8241
 -14.4748 2216556.7738
 -12.4070 621781.8510
 -10.3392 988609.3907
  -8.2713 631942.8928
  -6.2035 607472.6720
  -4.1357 576524.8872
  -2.0678 1717473.3752
