0.0000 0.0000 2.0000
0.0833 0.0000 2.0000
0.1667 0.0000 2.0000
0.2500 0.0000 2.0000
0.3333 0.0000 2.0000
0.4167 0.0000 2.0000
0.5000 0.0000 2.0000
0.5833 0.0000 2.0000
0.6667 0.0000 2.0000
0.7500 0.0000 2.0000
0.8333 0.0000 2.0000
0.9167 0.0000 2.0000
1.0000 0.0000 2.0000
1.0833 0.0000 2.0000
1.1667 0.0000 2.0000
1.2500 0.0000 2.0000
1.3333 0.0000 2.0000
1.4167 0.0000 2.0000
1.5000 0.0000 2.0000
1.5833 0.0000 2.0000
1.6667 0.0000 2.0000
1.7500 0.0000 2.0000
1.8333 0.0000 2.0000
1.9167 0.0000 2.0000
2.0000 0.0000 2.0000
2.0833 0.0000 2.0000
2.1667 0.0000 2.0000
2.2500 0.0000 2.0000
2.3333 0.0000 2.0000
2.4167 0.0000 2.0000
2.5000 0.0000 2.0000
2.5833 0.0000 2.0000
2.6667 0.0000 2.0000
2.7500 0.0000 2.0000
2.8333 0.0000 2.0000
2.9167 0.0000 2.0000
3.0000 0.0000 2.0000
3.0833 0.0000 2.0000
3.1667 0.0000 2.0000
3.2500 0.0000 2.0000
3.3333 0.0000 2.0000
3.4167 0.0000 2.0000
3.5000 0.0000 2.0000
3.5833 0.0000 2.0000
3.6667 0.0000 2.0000
3.7500 0.0000 2.0000
3.8333 0.0000 2.0000
3.9167 0.0000 2.0000
4.0000 0.0000 2.0000
0.0833 0.0833 2.0000
0.1667 0.0833 2.0000
0.2500 0.0833 2.0000
0.3333 0.0833 2.0000
0.4167 0.0833 2.0000
0.5000 0.0833 2.0000
0.5833 0.0833 2.0000
0.6667 0.0833 2.0000
0.7500 0.0833 2.0000
0.8333 0.0833 2.0000
0.9167 0.0833 2.0000
1.0000 0.0833 2.0000
1.0833 0.0833 2.0000
1.1667 0.0833 2.0000
1.2500 0.0833 2.0000
1.3333 0.0833 2.0000
1.4167 0.0833 2.0000
1.5000 0.0833 2.0000
1.5833 0.0833 2.0000
1.6667 0.0833 2.0000
1.7500 0.0833 2.0000
1.8333 0.0833 2.0000
1.9167 0.0833 2.0000
2.0000 0.0833 2.0000
2.0833 0.0833 2.0000
2.1667 0.0833 2.0000
2.2500 0.0833 2.0000
2.3333 0.0833 2.0000
2.4167 0.0833 2.0000
2.5000 0.0833 2.0000
2.5833 0.0833 2.0000
2.6667 0.0833 2.0000
2.7500 0.0833 2.0000
2.8333 0.0833 2.0000
2.9167 0.0833 2.0000
3.0000 0.0833 2.0000
3.0833 0.0833 2.0000
3.1667 0.0833 2.0000
3.2500 0.0833 2.0000
3.3333 0.0833 2.0000
3.4167 0.0833 2.0000
3.5000 0.0833 2.0000
3.5833 0.0833 2.0000
3.6667 0.0833 2.0000
3.7500 0.0833 2.0000
3.8333 0.0833 2.0000
3.9167 0.0833 2.0000
4.0000 0.0833 2.0000
0.1667 0.1667 2.0000
0.2500 0.1667 2.0000
0.3333 0.1667 2.0000
0.4167 0.1667 2.0000
0.5000 0.1667 2.0000
0.5833 0.1667 2.0000
0.6667 0.1667 2.0000
0.7500 0.1667 2.0000
0.8333 0.1667 2.0000
0.9167 0.1667 2.0000
1.0000 0.1667 2.0000
1.0833 0.1667 2.0000
1.1667 0.1667 2.0000
1.2500 0.1667 2.0000
1.3333 0.1667 2.0000
1.4167 0.1667 2.0000
1.5000 0.1667 2.0000
1.5833 0.1667 2.0000
1.6667 0.1667 2.0000
1.7500 0.1667 2.0000
1.8333 0.1667 2.0000
1.9167 0.1667 2.0000
2.0000 0.1667 2.0000
2.0833 0.1667 2.0000
2.1667 0.1667 2.0000
2.2500 0.1667 2.0000
2.3333 0.1667 2.0000
2.4167 0.1667 2.0000
2.5000 0.1667 2.0000
2.5833 0.1667 2.0000
2.6667 0.1667 2.0000
2.7500 0.1667 2.0000
2.8333 0.1667 2.0000
2.9167 0.1667 2.0000
3.0000 0.1667 2.0000
3.0833 0.1667 2.0000
3.1667 0.1667 2.0000
3.2500 0.1667 2.0000
3.3333 0.1667 2.0000
3.4167 0.1667 2.0000
3.5000 0.1667 2.0000
3.5833 0.1667 2.0000
3.6667 0.1667 2.0000
3.7500 0.1667 2.0000
3.8333 0.1667 2.0000
3.9167 0.1667 2.0000
4.0000 0.1667 2.0000
0.2500 0.2500 2.0000
0.3333 0.2500 2.0000
0.4167 0.2500 2.0000
0.5000 0.2500 2.0000
0.5833 0.2500 2.0000
0.6667 0.2500 2.0000
0.7500 0.2500 2.0000
0.8333 0.2500 2.0000
0.9167 0.2500 2.0000
1.0000 0.2500 2.0000
1.0833 0.2500 2.0000
1.1667 0.2500 2.0000
1.2500 0.2500 2.0000
1.3333 0.2500 2.0000
1.4167 0.2500 2.0000
1.5000 0.2500 2.0000
1.5833 0.2500 2.0000
1.6667 0.2500 2.0000
1.7500 0.2500 2.0000
1.8333 0.2500 2.0000
1.9167 0.2500 2.0000
2.0000 0.2500 2.0000
2.0833 0.2500 2.0000
2.1667 0.2500 2.0000
2.2500 0.2500 2.0000
2.3333 0.2500 2.0000
2.4167 0.2500 2.0000
2.5000 0.2500 2.0000
2.5833 0.2500 2.0000
2.6667 0.2500 2.0000
2.7500 0.2500 2.0000
2.8333 0.2500 2.0000
2.9167 0.2500 2.0000
3.0000 0.2500 2.0000
3.0833 0.2500 2.0000
3.1667 0.2500 2.0000
3.2500 0.2500 2.0000
3.3333 0.2500 2.0000
3.4167 0.2500 2.0000
3.5000 0.2500 2.0000
3.5833 0.2500 2.0000
3.6667 0.2500 2.0000
3.7500 0.2500 2.0000
3.8333 0.2500 2.0000
3.9167 0.2500 2.0000
4.0000 0.2500 2.0000
0.3333 0.3333 2.0000
0.4167 0.3333 2.0000
0.5000 0.3333 2.0000
0.5833 0.3333 2.0000
0.6667 0.3333 2.0000
0.7500 0.3333 2.0000
0.8333 0.3333 2.0000
0.9167 0.3333 2.0000
1.0000 0.3333 2.0000
1.0833 0.3333 2.0000
1.1667 0.3333 2.0000
1.2500 0.3333 2.0000
1.3333 0.3333 2.0000
1.4167 0.3333 2.0000
1.5000 0.3333 2.0000
1.5833 0.3333 2.0000
1.6667 0.3333 2.0000
1.7500 0.3333 2.0000
1.8333 0.3333 2.0000
1.9167 0.3333 2.0000
2.0000 0.3333 2.0000
2.0833 0.3333 2.0000
2.1667 0.3333 2.0000
2.2500 0.3333 2.0000
2.3333 0.3333 2.0000
2.4167 0.3333 2.0000
2.5000 0.3333 2.0000
2.5833 0.3333 2.0000
2.6667 0.3333 2.0000
2.7500 0.3333 2.0000
2.8333 0.3333 2.0000
2.9167 0.3333 2.0000
3.0000 0.3333 2.0000
3.0833 0.3333 2.0000
3.1667 0.3333 2.0000
3.2500 0.3333 2.0000
3.3333 0.3333 2.0000
3.4167 0.3333 2.0000
3.5000 0.3333 2.0000
3.5833 0.3333 2.0000
3.6667 0.3333 2.0000
3.7500 0.3333 2.0000
3.8333 0.3333 2.0000
3.9167 0.3333 2.0000
4.0000 0.3333 2.0000
0.4167 0.4167 2.0000
0.5000 0.4167 2.0000
0.5833 0.4167 2.0000
0.6667 0.4167 2.0000
0.7500 0.4167 2.0000
0.8333 0.4167 2.0000
0.9167 0.4167 2.0000
1.0000 0.4167 2.0000
1.0833 0.4167 2.0000
1.1667 0.4167 2.0000
1.2500 0.4167 2.0000
1.3333 0.4167 2.0000
1.4167 0.4167 2.0000
1.5000 0.4167 2.0000
1.5833 0.4167 2.0000
1.6667 0.4167 2.0000
1.7500 0.4167 2.0000
1.8333 0.4167 2.0000
1.9167 0.4167 2.0000
2.0000 0.4167 2.0000
2.0833 0.4167 2.0000
2.1667 0.4167 2.0000
2.2500 0.4167 2.0000
2.3333 0.4167 2.0000
2.4167 0.4167 2.0000
2.5000 0.4167 2.0000
2.5833 0.4167 2.0000
2.6667 0.4167 2.0000
2.7500 0.4167 2.0000
2.8333 0.4167 2.0000
2.9167 0.4167 2.0000
3.0000 0.4167 2.0000
3.0833 0.4167 2.0000
3.1667 0.4167 2.0000
3.2500 0.4167 2.0000
3.3333 0.4167 2.0000
3.4167 0.4167 2.0000
3.5000 0.4167 2.0000
3.5833 0.4167 2.0000
3.6667 0.4167 2.0000
3.7500 0.4167 2.0000
3.8333 0.4167 2.0000
3.9167 0.4167 2.0000
4.0000 0.4167 2.0000
0.5000 0.5000 2.0000
0.5833 0.5000 2.0000
0.6667 0.5000 2.0000
0.7500 0.5000 2.0000
0.8333 0.5000 2.0000
0.9167 0.5000 2.0000
1.0000 0.5000 2.0000
1.0833 0.5000 2.0000
1.1667 0.5000 2.0000
1.2500 0.5000 2.0000
1.3333 0.5000 2.0000
1.4167 0.5000 2.0000
1.5000 0.5000 2.0000
1.5833 0.5000 2.0000
1.6667 0.5000 2.0000
1.7500 0.5000 2.0000
1.8333 0.5000 2.0000
1.9167 0.5000 2.0000
2.0000 0.5000 2.0000
2.0833 0.5000 2.0000
2.1667 0.5000 2.0000
2.2500 0.5000 2.0000
2.3333 0.5000 2.0000
2.4167 0.5000 2.0000
2.5000 0.5000 2.0000
2.5833 0.5000 2.0000
2.6667 0.5000 2.0000
2.7500 0.5000 2.0000
2.8333 0.5000 2.0000
2.9167 0.5000 2.0000
3.0000 0.5000 2.0000
3.0833 0.5000 2.0000
3.1667 0.5000 2.0000
3.2500 0.5000 2.0000
3.3333 0.5000 2.0000
3.4167 0.5000 2.0000
3.5000 0.5000 2.0000
3.5833 0.5000 2.0000
3.6667 0.5000 2.0000
3.7500 0.5000 2.0000
3.8333 0.5000 2.0000
3.9167 0.5000 2.0000
4.0000 0.5000 2.0000
0.5833 0.5833 2.0000
0.6667 0.5833 2.0000
0.7500 0.5833 2.0000
0.8333 0.5833 2.0000
0.9167 0.5833 2.0000
1.0000 0.5833 2.0000
1.0833 0.5833 2.0000
1.1667 0.5833 2.0000
1.2500 0.5833 2.0000
1.3333 0.5833 2.0000
1.4167 0.5833 2.0000
1.5000 0.5833 2.0000
1.5833 0.5833 2.0000
1.6667 0.5833 2.0000
1.7500 0.5833 2.0000
1.8333 0.5833 2.0000
1.9167 0.5833 2.0000
2.0000 0.5833 2.0000
2.0833 0.5833 2.0000
2.1667 0.5833 2.0000
2.2500 0.5833 2.0000
2.3333 0.5833 2.0000
2.4167 0.5833 2.0000
2.5000 0.5833 2.0000
2.5833 0.5833 2.0000
2.6667 0.5833 2.0000
2.7500 0.5833 2.0000
2.8333 0.5833 2.0000
2.9167 0.5833 2.0000
3.0000 0.5833 2.0000
3.0833 0.5833 2.0000
3.1667 0.5833 2.0000
3.2500 0.5833 2.0000
3.3333 0.5833 2.0000
3.4167 0.5833 2.0000
3.5000 0.5833 2.0000
3.5833 0.5833 2.0000
3.6667 0.5833 2.0000
3.7500 0.5833 2.0000
3.8333 0.5833 2.0000
3.9167 0.5833 2.0000
4.0000 0.5833 2.0000
0.6667 0.6667 2.0000
0.7500 0.6667 2.0000
0.8333 0.6667 2.0000
0.9167 0.6667 2.0000
1.0000 0.6667 2.0000
1.0833 0.6667 2.0000
1.1667 0.6667 2.0000
1.2500 0.6667 2.0000
1.3333 0.6667 2.0000
1.4167 0.6667 2.0000
1.5000 0.6667 2.0000
1.5833 0.6667 2.0000
1.6667 0.6667 2.0000
1.7500 0.6667 2.0000
1.8333 0.6667 2.0000
1.9167 0.6667 2.0000
2.0000 0.6667 2.0000
2.0833 0.6667 2.0000
2.1667 0.6667 2.0000
2.2500 0.6667 2.0000
2.3333 0.6667 2.0000
2.4167 0.6667 2.0000
2.5000 0.6667 2.0000
2.5833 0.6667 2.0000
2.6667 0.6667 2.0000
2.7500 0.6667 2.0000
2.8333 0.6667 2.0000
2.9167 0.6667 2.0000
3.0000 0.6667 2.0000
3.0833 0.6667 2.0000
3.1667 0.6667 2.0000
3.2500 0.6667 2.0000
3.3333 0.6667 2.0000
3.4167 0.6667 2.0000
3.5000 0.6667 2.0000
3.5833 0.6667 2.0000
3.6667 0.6667 2.0000
3.7500 0.6667 2.0000
3.8333 0.6667 2.0000
3.9167 0.6667 2.0000
4.0000 0.6667 2.0000
0.7500 0.7500 2.0000
0.8333 0.7500 2.0000
0.9167 0.7500 2.0000
1.0000 0.7500 2.0000
1.0833 0.7500 2.0000
1.1667 0.7500 2.0000
1.2500 0.7500 2.0000
1.3333 0.7500 2.0000
1.4167 0.7500 2.0000
1.5000 0.7500 2.0000
1.5833 0.7500 2.0000
1.6667 0.7500 2.0000
1.7500 0.7500 2.0000
1.8333 0.7500 2.0000
1.9167 0.7500 2.0000
2.0000 0.7500 2.0000
2.0833 0.7500 2.0000
2.1667 0.7500 2.0000
2.2500 0.7500 2.0000
2.3333 0.7500 2.0000
2.4167 0.7500 2.0000
2.5000 0.7500 2.0000
2.5833 0.7500 2.0000
2.6667 0.7500 2.0000
2.7500 0.7500 2.0000
2.8333 0.7500 2.0000
2.9167 0.7500 2.0000
3.0000 0.7500 2.0000
3.0833 0.7500 2.0000
3.1667 0.7500 2.0000
3.2500 0.7500 2.0000
3.3333 0.7500 2.0000
3.4167 0.7500 2.0000
3.5000 0.7500 2.0000
3.5833 0.7500 2.0000
3.6667 0.7500 2.0000
3.7500 0.7500 2.0000
3.8333 0.7500 2.0000
3.9167 0.7500 2.0000
4.0000 0.7500 2.0000
0.8333 0.8333 2.0000
0.9167 0.8333 2.0000
1.0000 0.8333 2.0000
1.0833 0.8333 2.0000
1.1667 0.8333 2.0000
1.2500 0.8333 2.0000
1.3333 0.8333 2.0000
1.4167 0.8333 2.0000
1.5000 0.8333 2.0000
1.5833 0.8333 2.0000
1.6667 0.8333 2.0000
1.7500 0.8333 2.0000
1.8333 0.8333 2.0000
1.9167 0.8333 2.0000
2.0000 0.8333 2.0000
2.0833 0.8333 2.0000
2.1667 0.8333 2.0000
2.2500 0.8333 2.0000
2.3333 0.8333 2.0000
2.4167 0.8333 2.0000
2.5000 0.8333 2.0000
2.5833 0.8333 2.0000
2.6667 0.8333 2.0000
2.7500 0.8333 2.0000
2.8333 0.8333 2.0000
2.9167 0.8333 2.0000
3.0000 0.8333 2.0000
3.0833 0.8333 2.0000
3.1667 0.8333 2.0000
3.2500 0.8333 2.0000
3.3333 0.8333 2.0000
3.4167 0.8333 2.0000
3.5000 0.8333 2.0000
3.5833 0.8333 2.0000
3.6667 0.8333 2.0000
3.7500 0.8333 2.0000
3.8333 0.8333 2.0000
3.9167 0.8333 2.0000
4.0000 0.8333 2.0000
0.9167 0.9167 2.0000
1.0000 0.9167 2.0000
1.0833 0.9167 2.0000
1.1667 0.9167 2.0000
1.2500 0.9167 2.0000
1.3333 0.9167 2.0000
1.4167 0.9167 2.0000
1.5000 0.9167 2.0000
1.5833 0.9167 2.0000
1.6667 0.9167 2.0000
1.7500 0.9167 2.0000
1.8333 0.9167 2.0000
1.9167 0.9167 2.0000
2.0000 0.9167 2.0000
2.0833 0.9167 2.0000
2.1667 0.9167 2.0000
2.2500 0.9167 2.0000
2.3333 0.9167 2.0000
2.4167 0.9167 2.0000
2.5000 0.9167 2.0000
2.5833 0.9167 2.0000
2.6667 0.9167 2.0000
2.7500 0.9167 2.0000
2.8333 0.9167 2.0000
2.9167 0.9167 2.0000
3.0000 0.9167 2.0000
3.0833 0.9167 2.0000
3.1667 0.9167 2.0000
3.2500 0.9167 2.0000
3.3333 0.9167 2.0000
3.4167 0.9167 2.0000
3.5000 0.9167 2.0000
3.5833 0.9167 2.0000
3.6667 0.9167 2.0000
3.7500 0.9167 2.0000
3.8333 0.9167 2.0000
3.9167 0.9167 2.0000
4.0000 0.9167 2.0000
1.0000 1.0000 2.0000
1.0833 1.0000 2.0000
1.1667 1.0000 2.0000
1.2500 1.0000 2.0000
1.3333 1.0000 2.0000
1.4167 1.0000 2.0000
1.5000 1.0000 2.0000
1.5833 1.0000 2.0000
1.6667 1.0000 2.0000
1.7500 1.0000 2.0000
1.8333 1.0000 2.0000
1.9167 1.0000 2.0000
2.0000 1.0000 2.0000
2.0833 1.0000 2.0000
2.1667 1.0000 2.0000
2.2500 1.0000 2.0000
2.3333 1.0000 2.0000
2.4167 1.0000 2.0000
2.5000 1.0000 2.0000
2.5833 1.0000 2.0000
2.6667 1.0000 2.0000
2.7500 1.0000 2.0000
2.8333 1.0000 2.0000
2.9167 1.0000 2.0000
3.0000 1.0000 2.0000
3.0833 1.0000 2.0000
3.1667 1.0000 2.0000
3.2500 1.0000 2.0000
3.3333 1.0000 2.0000
3.4167 1.0000 2.0000
3.5000 1.0000 2.0000
3.5833 1.0000 2.0000
3.6667 1.0000 2.0000
3.7500 1.0000 2.0000
3.8333 1.0000 2.0000
3.9167 1.0000 2.0000
4.0000 1.0000 2.0000
1.0833 1.0833 2.0000
1.1667 1.0833 2.0000
1.2500 1.0833 2.0000
1.3333 1.0833 2.0000
1.4167 1.0833 2.0000
1.5000 1.0833 2.0000
1.5833 1.0833 2.0000
1.6667 1.0833 2.0000
1.7500 1.0833 2.0000
1.8333 1.0833 2.0000
1.9167 1.0833 2.0000
2.0000 1.0833 2.0000
2.0833 1.0833 2.0000
2.1667 1.0833 2.0000
2.2500 1.0833 2.0000
2.3333 1.0833 2.0000
2.4167 1.0833 2.0000
2.5000 1.0833 2.0000
2.5833 1.0833 2.0000
2.6667 1.0833 2.0000
2.7500 1.0833 2.0000
2.8333 1.0833 2.0000
2.9167 1.0833 2.0000
3.0000 1.0833 2.0000
3.0833 1.0833 2.0000
3.1667 1.0833 2.0000
3.2500 1.0833 2.0000
3.3333 1.0833 2.0000
3.4167 1.0833 2.0000
3.5000 1.0833 2.0000
3.5833 1.0833 2.0000
3.6667 1.0833 2.0000
3.7500 1.0833 2.0000
3.8333 1.0833 2.0000
3.9167 1.0833 2.0000
4.0000 1.0833 2.0000
1.1667 1.1667 2.0000
1.2500 1.1667 2.0000
1.3333 1.1667 2.0000
1.4167 1.1667 2.0000
1.5000 1.1667 2.0000
1.5833 1.1667 2.0000
1.6667 1.1667 2.0000
1.7500 1.1667 2.0000
1.8333 1.1667 2.0000
1.9167 1.1667 2.0000
2.0000 1.1667 2.0000
2.0833 1.1667 2.0000
2.1667 1.1667 2.0000
2.2500 1.1667 2.0000
2.3333 1.1667 2.0000
2.4167 1.1667 2.0000
2.5000 1.1667 2.0000
2.5833 1.1667 2.0000
2.6667 1.1667 2.0000
2.7500 1.1667 2.0000
2.8333 1.1667 2.0000
2.9167 1.1667 2.0000
3.0000 1.1667 2.0000
3.0833 1.1667 2.0000
3.1667 1.1667 2.0000
3.2500 1.1667 2.0000
3.3333 1.1667 2.0000
3.4167 1.1667 2.0000
3.5000 1.1667 2.0000
3.5833 1.1667 2.0000
3.6667 1.1667 2.0000
3.7500 1.1667 2.0000
3.8333 1.1667 2.0000
3.9167 1.1667 2.0000
4.0000 1.1667 2.0000
1.2500 1.2500 2.0000
1.3333 1.2500 2.0000
1.4167 1.2500 2.0000
1.5000 1.2500 2.0000
1.5833 1.2500 2.0000
1.6667 1.2500 2.0000
1.7500 1.2500 2.0000
1.8333 1.2500 2.0000
1.9167 1.2500 2.0000
2.0000 1.2500 2.0000
2.0833 1.2500 2.0000
2.1667 1.2500 2.0000
2.2500 1.2500 2.0000
2.3333 1.2500 2.0000
2.4167 1.2500 2.0000
2.5000 1.2500 2.0000
2.5833 1.2500 2.0000
2.6667 1.2500 2.0000
2.7500 1.2500 2.0000
2.8333 1.2500 2.0000
2.9167 1.2500 2.0000
3.0000 1.2500 2.0000
3.0833 1.2500 2.0000
3.1667 1.2500 2.0000
3.2500 1.2500 2.0000
3.3333 1.2500 2.0000
3.4167 1.2500 2.0000
3.5000 1.2500 2.0000
3.5833 1.2500 2.0000
3.6667 1.2500 2.0000
3.7500 1.2500 2.0000
3.8333 1.2500 2.0000
3.9167 1.2500 2.0000
4.0000 1.2500 2.0000
1.3333 1.3333 2.0000
1.4167 1.3333 2.0000
1.5000 1.3333 2.0000
1.5833 1.3333 2.0000
1.6667 1.3333 2.0000
1.7500 1.3333 2.0000
1.8333 1.3333 2.0000
1.9167 1.3333 2.0000
2.0000 1.3333 2.0000
2.0833 1.3333 2.0000
2.1667 1.3333 2.0000
2.2500 1.3333 2.0000
2.3333 1.3333 2.0000
2.4167 1.3333 2.0000
2.5000 1.3333 2.0000
2.5833 1.3333 2.0000
2.6667 1.3333 2.0000
2.7500 1.3333 2.0000
2.8333 1.3333 2.0000
2.9167 1.3333 2.0000
3.0000 1.3333 2.0000
3.0833 1.3333 2.0000
3.1667 1.3333 2.0000
3.2500 1.3333 2.0000
3.3333 1.3333 2.0000
3.4167 1.3333 2.0000
3.5000 1.3333 2.0000
3.5833 1.3333 2.0000
3.6667 1.3333 2.0000
3.7500 1.3333 2.0000
3.8333 1.3333 2.0000
3.9167 1.3333 2.0000
4.0000 1.3333 2.0000
1.4167 1.4167 2.0000
1.5000 1.4167 2.0000
1.5833 1.4167 2.0000
1.6667 1.4167 2.0000
1.7500 1.4167 2.0000
1.8333 1.4167 2.0000
1.9167 1.4167 2.0000
2.0000 1.4167 2.0000
2.0833 1.4167 2.0000
2.1667 1.4167 2.0000
2.2500 1.4167 2.0000
2.3333 1.4167 2.0000
2.4167 1.4167 2.0000
2.5000 1.4167 2.0000
2.5833 1.4167 2.0000
2.6667 1.4167 2.0000
2.7500 1.4167 2.0000
2.8333 1.4167 2.0000
2.9167 1.4167 2.0000
3.0000 1.4167 2.0000
3.0833 1.4167 2.0000
3.1667 1.4167 2.0000
3.2500 1.4167 2.0000
3.3333 1.4167 2.0000
3.4167 1.4167 2.0000
3.5000 1.4167 2.0000
3.5833 1.4167 2.0000
3.6667 1.4167 2.0000
3.7500 1.4167 2.0000
3.8333 1.4167 2.0000
3.9167 1.4167 2.0000
4.0000 1.4167 2.0000
1.5000 1.5000 2.0000
1.5833 1.5000 2.0000
1.6667 1.5000 2.0000
1.7500 1.5000 2.0000
1.8333 1.5000 2.0000
1.9167 1.5000 2.0000
2.0000 1.5000 2.0000
2.0833 1.5000 2.0000
2.1667 1.5000 2.0000
2.2500 1.5000 2.0000
2.3333 1.5000 2.0000
2.4167 1.5000 2.0000
2.5000 1.5000 2.0000
2.5833 1.5000 2.0000
2.6667 1.5000 2.0000
2.7500 1.5000 2.0000
2.8333 1.5000 2.0000
2.9167 1.5000 2.0000
3.0000 1.5000 2.0000
3.0833 1.5000 2.0000
3.1667 1.5000 2.0000
3.2500 1.5000 2.0000
3.3333 1.5000 2.0000
3.4167 1.5000 2.0000
3.5000 1.5000 2.0000
3.5833 1.5000 2.0000
3.6667 1.5000 2.0000
3.7500 1.5000 2.0000
3.8333 1.5000 2.0000
3.9167 1.5000 2.0000
4.0000 1.5000 2.0000
1.5833 1.5833 2.0000
1.6667 1.5833 2.0000
1.7500 1.5833 2.0000
1.8333 1.5833 2.0000
1.9167 1.5833 2.0000
2.0000 1.5833 2.0000
2.0833 1.5833 2.0000
2.1667 1.5833 2.0000
2.2500 1.5833 2.0000
2.3333 1.5833 2.0000
2.4167 1.5833 2.0000
2.5000 1.5833 2.0000
2.5833 1.5833 2.0000
2.6667 1.5833 2.0000
2.7500 1.5833 2.0000
2.8333 1.5833 2.0000
2.9167 1.5833 2.0000
3.0000 1.5833 2.0000
3.0833 1.5833 2.0000
3.1667 1.5833 2.0000
3.2500 1.5833 2.0000
3.3333 1.5833 2.0000
3.4167 1.5833 2.0000
3.5000 1.5833 2.0000
3.5833 1.5833 2.0000
3.6667 1.5833 2.0000
3.7500 1.5833 2.0000
3.8333 1.5833 2.0000
3.9167 1.5833 2.0000
4.0000 1.5833 2.0000
1.6667 1.6667 2.0000
1.7500 1.6667 2.0000
1.8333 1.6667 2.0000
1.9167 1.6667 2.0000
2.0000 1.6667 2.0000
2.0833 1.6667 2.0000
2.1667 1.6667 2.0000
2.2500 1.6667 2.0000
2.3333 1.6667 2.0000
2.4167 1.6667 2.0000
2.5000 1.6667 2.0000
2.5833 1.6667 2.0000
2.6667 1.6667 2.0000
2.7500 1.6667 2.0000
2.8333 1.6667 2.0000
2.9167 1.6667 2.0000
3.0000 1.6667 2.0000
3.0833 1.6667 2.0000
3.1667 1.6667 2.0000
3.2500 1.6667 2.0000
3.3333 1.6667 2.0000
3.4167 1.6667 2.0000
3.5000 1.6667 2.0000
3.5833 1.6667 2.0000
3.6667 1.6667 2.0000
3.7500 1.6667 2.0000
3.8333 1.6667 2.0000
3.9167 1.6667 2.0000
4.0000 1.6667 2.0000
1.7500 1.7500 2.0000
1.8333 1.7500 2.0000
1.9167 1.7500 2.0000
2.0000 1.7500 2.0000
2.0833 1.7500 2.0000
2.1667 1.7500 2.0000
2.2500 1.7500 2.0000
2.3333 1.7500 2.0000
2.4167 1.7500 2.0000
2.5000 1.7500 2.0000
2.5833 1.7500 2.0000
2.6667 1.7500 2.0000
2.7500 1.7500 2.0000
2.8333 1.7500 2.0000
2.9167 1.7500 2.0000
3.0000 1.7500 2.0000
3.0833 1.7500 2.0000
3.1667 1.7500 2.0000
3.2500 1.7500 2.0000
3.3333 1.7500 2.0000
3.4167 1.7500 2.0000
3.5000 1.7500 2.0000
3.5833 1.7500 2.0000
3.6667 1.7500 2.0000
3.7500 1.7500 2.0000
3.8333 1.7500 2.0000
3.9167 1.7500 2.0000
4.0000 1.7500 2.0000
1.8333 1.8333 2.0000
1.9167 1.8333 2.0000
2.0000 1.8333 2.0000
2.0833 1.8333 2.0000
2.1667 1.8333 2.0000
2.2500 1.8333 2.0000
2.3333 1.8333 2.0000
2.4167 1.8333 2.0000
2.5000 1.8333 2.0000
2.5833 1.8333 2.0000
2.6667 1.8333 2.0000
2.7500 1.8333 2.0000
2.8333 1.8333 2.0000
2.9167 1.8333 2.0000
3.0000 1.8333 2.0000
3.0833 1.8333 2.0000
3.1667 1.8333 2.0000
3.2500 1.8333 2.0000
3.3333 1.8333 2.0000
3.4167 1.8333 2.0000
3.5000 1.8333 2.0000
3.5833 1.8333 2.0000
3.6667 1.8333 2.0000
3.7500 1.8333 2.0000
3.8333 1.8333 2.0000
3.9167 1.8333 2.0000
4.0000 1.8333 2.0000
1.9167 1.9167 2.0000
2.0000 1.9167 2.0000
2.0833 1.9167 2.0000
2.1667 1.9167 2.0000
2.2500 1.9167 2.0000
2.3333 1.9167 2.0000
2.4167 1.9167 2.0000
2.5000 1.9167 2.0000
2.5833 1.9167 2.0000
2.6667 1.9167 2.0000
2.7500 1.9167 2.0000
2.8333 1.9167 2.0000
2.9167 1.9167 2.0000
3.0000 1.9167 2.0000
3.0833 1.9167 2.0000
3.1667 1.9167 2.0000
3.2500 1.9167 2.0000
3.3333 1.9167 2.0000
3.4167 1.9167 2.0000
3.5000 1.9167 2.0000
3.5833 1.9167 2.0000
3.6667 1.9167 2.0000
3.7500 1.9167 2.0000
3.8333 1.9167 2.0000
3.9167 1.9167 2.0000
4.0000 1.9167 2.0000
2.0000 2.0000 2.0000
2.0833 2.0000 2.0000
2.1667 2.0000 2.0000
2.2500 2.0000 2.0000
2.3333 2.0000 2.0000
2.4167 2.0000 2.0000
2.5000 2.0000 2.0000
2.5833 2.0000 2.0000
2.6667 2.0000 2.0000
2.7500 2.0000 2.0000
2.8333 2.0000 2.0000
2.9167 2.0000 2.0000
3.0000 2.0000 2.0000
3.0833 2.0000 2.0000
3.1667 2.0000 2.0000
3.2500 2.0000 2.0000
3.3333 2.0000 2.0000
3.4167 2.0000 2.0000
3.5000 2.0000 2.0000
3.5833 2.0000 2.0000
3.6667 2.0000 2.0000
3.7500 2.0000 2.0000
3.8333 2.0000 2.0000
3.9167 2.0000 2.0000
4.0000 2.0000 2.0000
2.0833 2.0833 2.0000
2.1667 2.0833 2.0000
2.2500 2.0833 2.0000
2.3333 2.0833 2.0000
2.4167 2.0833 2.0000
2.5000 2.0833 2.0000
2.5833 2.0833 2.0000
2.6667 2.0833 2.0000
2.7500 2.0833 2.0000
2.8333 2.0833 2.0000
2.9167 2.0833 2.0000
3.0000 2.0833 2.0000
3.0833 2.0833 2.0000
3.1667 2.0833 2.0000
3.2500 2.0833 2.0000
3.3333 2.0833 2.0000
3.4167 2.0833 2.0000
3.5000 2.0833 2.0000
3.5833 2.0833 2.0000
3.6667 2.0833 2.0000
3.7500 2.0833 2.0000
3.8333 2.0833 2.0000
3.9167 2.0833 2.0000
4.0000 2.0833 2.0000
2.1667 2.1667 2.0000
2.2500 2.1667 2.0000
2.3333 2.1667 2.0000
2.4167 2.1667 2.0000
2.5000 2.1667 2.0000
2.5833 2.1667 2.0000
2.6667 2.1667 2.0000
2.7500 2.1667 2.0000
2.8333 2.1667 2.0000
2.9167 2.1667 2.0000
3.0000 2.1667 2.0000
3.0833 2.1667 2.0000
3.1667 2.1667 2.0000
3.2500 2.1667 2.0000
3.3333 2.1667 2.0000
3.4167 2.1667 2.0000
3.5000 2.1667 2.0000
3.5833 2.1667 2.0000
3.6667 2.1667 2.0000
3.7500 2.1667 2.0000
3.8333 2.1667 2.0000
3.9167 2.1667 2.0000
4.0000 2.1667 2.0000
2.2500 2.2500 2.0000
2.3333 2.2500 2.0000
2.4167 2.2500 2.0000
2.5000 2.2500 2.0000
2.5833 2.2500 2.0000
2.6667 2.2500 2.0000
2.7500 2.2500 2.0000
2.8333 2.2500 2.0000
2.9167 2.2500 2.0000
3.0000 2.2500 2.0000
3.0833 2.2500 2.0000
3.1667 2.2500 2.0000
3.2500 2.2500 2.0000
3.3333 2.2500 2.0000
3.4167 2.2500 2.0000
3.5000 2.2500 2.0000
3.5833 2.2500 2.0000
3.6667 2.2500 2.0000
3.7500 2.2500 2.0000
3.8333 2.2500 2.0000
3.9167 2.2500 2.0000
4.0000 2.2500 2.0000
2.3333 2.3333 2.0000
2.4167 2.3333 2.0000
2.5000 2.3333 2.0000
2.5833 2.3333 2.0000
2.6667 2.3333 2.0000
2.7500 2.3333 2.0000
2.8333 2.3333 2.0000
2.9167 2.3333 2.0000
3.0000 2.3333 2.0000
3.0833 2.3333 2.0000
3.1667 2.3333 2.0000
3.2500 2.3333 2.0000
3.3333 2.3333 2.0000
3.4167 2.3333 2.0000
3.5000 2.3333 2.0000
3.5833 2.3333 2.0000
3.6667 2.3333 2.0000
3.7500 2.3333 2.0000
3.8333 2.3333 2.0000
3.9167 2.3333 2.0000
4.0000 2.3333 2.0000
2.4167 2.4167 2.0000
2.5000 2.4167 2.0000
2.5833 2.4167 2.0000
2.6667 2.4167 2.0000
2.7500 2.4167 2.0000
2.8333 2.4167 2.0000
2.9167 2.4167 2.0000
3.0000 2.4167 2.0000
3.0833 2.4167 2.0000
3.1667 2.4167 2.0000
3.2500 2.4167 2.0000
3.3333 2.4167 2.0000
3.4167 2.4167 2.0000
3.5000 2.4167 2.0000
3.5833 2.4167 2.0000
3.6667 2.4167 2.0000
3.7500 2.4167 2.0000
3.8333 2.4167 2.0000
3.9167 2.4167 2.0000
4.0000 2.4167 2.0000
2.5000 2.5000 2.0000
2.5833 2.5000 2.0000
2.6667 2.5000 2.0000
2.7500 2.5000 2.0000
2.8333 2.5000 2.0000
2.9167 2.5000 2.0000
3.0000 2.5000 2.0000
3.0833 2.5000 2.0000
3.1667 2.5000 2.0000
3.2500 2.5000 2.0000
3.3333 2.5000 2.0000
3.4167 2.5000 2.0000
3.5000 2.5000 2.0000
3.5833 2.5000 2.0000
3.6667 2.5000 2.0000
3.7500 2.5000 2.0000
3.8333 2.5000 2.0000
3.9167 2.5000 2.0000
4.0000 2.5000 2.0000
2.5833 2.5833 2.0000
2.6667 2.5833 2.0000
2.7500 2.5833 2.0000
2.8333 2.5833 2.0000
2.9167 2.5833 2.0000
3.0000 2.5833 2.0000
3.0833 2.5833 2.0000
3.1667 2.5833 2.0000
3.2500 2.5833 2.0000
3.3333 2.5833 2.0000
3.4167 2.5833 2.0000
3.5000 2.5833 2.0000
3.5833 2.5833 2.0000
3.6667 2.5833 2.0000
3.7500 2.5833 2.0000
3.8333 2.5833 2.0000
3.9167 2.5833 2.0000
4.0000 2.5833 2.0000
2.6667 2.6667 2.0000
2.7500 2.6667 2.0000
2.8333 2.6667 2.0000
2.9167 2.6667 2.0000
3.0000 2.6667 2.0000
3.0833 2.6667 2.0000
3.1667 2.6667 2.0000
3.2500 2.6667 2.0000
3.3333 2.6667 2.0000
3.4167 2.6667 2.0000
3.5000 2.6667 2.0000
3.5833 2.6667 2.0000
3.6667 2.6667 2.0000
3.7500 2.6667 2.0000
3.8333 2.6667 2.0000
3.9167 2.6667 2.0000
4.0000 2.6667 2.0000
2.7500 2.7500 2.0000
2.8333 2.7500 2.0000
2.9167 2.7500 2.0000
3.0000 2.7500 2.0000
3.0833 2.7500 2.0000
3.1667 2.7500 2.0000
3.2500 2.7500 2.0000
3.3333 2.7500 2.0000
3.4167 2.7500 2.0000
3.5000 2.7500 2.0000
3.5833 2.7500 2.0000
3.6667 2.7500 2.0000
3.7500 2.7500 2.0000
3.8333 2.7500 2.0000
3.9167 2.7500 2.0000
4.0000 2.7500 2.0000
2.8333 2.8333 2.0000
2.9167 2.8333 2.0000
3.0000 2.8333 2.0000
3.0833 2.8333 2.0000
3.1667 2.8333 2.0000
3.2500 2.8333 2.0000
3.3333 2.8333 2.0000
3.4167 2.8333 2.0000
3.5000 2.8333 2.0000
3.5833 2.8333 2.0000
3.6667 2.8333 2.0000
3.7500 2.8333 2.0000
3.8333 2.8333 2.0000
3.9167 2.8333 2.0000
4.0000 2.8333 2.0000
2.9167 2.9167 2.0000
3.0000 2.9167 2.0000
3.0833 2.9167 2.0000
3.1667 2.9167 2.0000
3.2500 2.9167 2.0000
3.3333 2.9167 2.0000
3.4167 2.9167 2.0000
3.5000 2.9167 2.0000
3.5833 2.9167 2.0000
3.6667 2.9167 2.0000
3.7500 2.9167 2.0000
3.8333 2.9167 2.0000
3.9167 2.9167 2.0000
4.0000 2.9167 2.0000
3.0000 3.0000 2.0000
3.0833 3.0000 2.0000
3.1667 3.0000 2.0000
3.2500 3.0000 2.0000
3.3333 3.0000 2.0000
3.4167 3.0000 2.0000
3.5000 3.0000 2.0000
3.5833 3.0000 2.0000
3.6667 3.0000 2.0000
3.7500 3.0000 2.0000
3.8333 3.0000 2.0000
3.9167 3.0000 2.0000
4.0000 3.0000 2.0000
3.0833 3.0833 2.0000
3.1667 3.0833 2.0000
3.2500 3.0833 2.0000
3.3333 3.0833 2.0000
3.4167 3.0833 2.0000
3.5000 3.0833 2.0000
3.5833 3.0833 2.0000
3.6667 3.0833 2.0000
3.7500 3.0833 2.0000
3.8333 3.0833 2.0000
3.9167 3.0833 2.0000
4.0000 3.0833 2.0000
3.1667 3.1667 2.0000
3.2500 3.1667 2.0000
3.3333 3.1667 2.0000
3.4167 3.1667 2.0000
3.5000 3.1667 2.0000
3.5833 3.1667 2.0000
3.6667 3.1667 2.0000
3.7500 3.1667 2.0000
3.8333 3.1667 2.0000
3.9167 3.1667 2.0000
4.0000 3.1667 2.0000
3.2500 3.2500 2.0000
3.3333 3.2500 2.0000
3.4167 3.2500 2.0000
3.5000 3.2500 2.0000
3.5833 3.2500 2.0000
3.6667 3.2500 2.0000
3.7500 3.2500 2.0000
3.8333 3.2500 2.0000
3.9167 3.2500 2.0000
4.0000 3.2500 2.0000
3.3333 3.3333 2.0000
3.4167 3.3333 2.0000
3.5000 3.3333 2.0000
3.5833 3.3333 2.0000
3.6667 3.3333 2.0000
3.7500 3.3333 2.0000
3.8333 3.3333 2.0000
3.9167 3.3333 2.0000
4.0000 3.3333 2.0000
3.4167 3.4167 2.0000
3.5000 3.4167 2.0000
3.5833 3.4167 2.0000
3.6667 3.4167 2.0000
3.7500 3.4167 2.0000
3.8333 3.4167 2.0000
3.9167 3.4167 2.0000
4.0000 3.4167 2.0000
3.5000 3.5000 2.0000
3.5833 3.5000 2.0000
3.6667 3.5000 2.0000
3.7500 3.5000 2.0000
3.8333 3.5000 2.0000
3.9167 3.5000 2.0000
4.0000 3.5000 2.0000
3.5833 3.5833 2.0000
3.6667 3.5833 2.0000
3.7500 3.5833 2.0000
3.8333 3.5833 2.0000
3.9167 3.5833 2.0000
4.0000 3.5833 2.0000
3.6667 3.6667 2.0000
3.7500 3.6667 2.0000
3.8333 3.6667 2.0000
3.9167 3.6667 2.0000
4.0000 3.6667 2.0000
3.7500 3.7500 2.0000
3.8333 3.7500 2.0000
3.9167 3.7500 2.0000
4.0000 3.7500 2.0000
3.8333 3.8333 2.0000
3.9167 3.8333 2.0000
4.0000 3.8333 2.0000
3.9167 3.9167 2.0000
4.0000 3.9167 2.0000
4.0000 4.0000 2.0000
