   1  64   1   0  0.2002283E+02  0.6000000E+03
  CAR 
 si_2x2x2                                
   0   0   0
   1   1
 256 256 256
 256
  0.1000000E-09
  0.6250000E-11
   1
  0.3000000E-14  0.1086180E-08  0.1086180E-08  0.1086180E-08
  0.5595853E+03  0.4652765E+03
  0.000
  0.000
  0.000
  0.000
  0.000
  0.000
  0.000
  0.000
  0.000
  0.000
  0.000
  0.000
  0.000
  0.000
  0.000
  0.000
  0.000
  0.000
  0.000
  0.000
  0.000
  0.000
  0.000
  0.000
  0.000
  0.000
  0.000
  0.000
  0.000
  0.000
  0.000
  0.000
  0.000
  0.009
  0.159
  1.041
  3.913
  6.291
  4.506
  1.774
  0.485
  0.129
  0.025
  0.006
  0.004
  0.002
  0.000
  0.000
  0.000
  0.000
  0.001
  0.004
  0.020
  0.032
  0.094
  0.162
  0.361
  0.683
  1.371
  2.454
  3.546
  3.938
  3.475
  2.313
  1.390
  0.766
  0.471
  0.519
  0.786
  1.334
  2.033
  2.573
  2.644
  2.005
  1.318
  0.714
  0.399
  0.216
  0.128
  0.103
  0.091
  0.098
  0.172
  0.293
  0.554
  0.737
  0.826
  0.821
  0.726
  0.575
  0.508
  0.655
  1.018
  1.420
  1.636
  1.507
  1.069
  0.679
  0.387
  0.222
  0.214
  0.340
  0.591
  1.016
  1.664
  2.267
  2.480
  2.201
  1.706
  1.360
  1.247
  1.399
  1.475
  1.407
  1.084
  0.676
  0.436
  0.253
  0.240
  0.339
  0.559
  0.860
  1.087
  1.158
  1.071
  1.069
  1.256
  1.550
  1.781
  1.547
  1.097
  0.741
  0.536
  0.562
  0.719
  1.048
  1.361
  1.485
  1.370
  1.145
  0.990
  0.958
  0.808
  0.651
  0.480
  0.333
  0.230
  0.260
  0.321
  0.441
  0.514
  0.635
  0.793
  1.076
  1.309
  1.328
  1.121
  0.862
  0.770
  0.966
  1.403
  2.023
  2.465
  2.411
  2.203
  1.926
  1.812
  1.596
  1.162
  0.745
  0.445
  0.251
  0.168
  0.135
  0.162
  0.261
  0.390
  0.524
  0.538
  0.478
  0.510
  0.667
  0.969
  1.296
  1.474
  1.469
  1.405
  1.310
  1.145
  0.932
  0.755
  0.679
  0.731
  0.886
  1.005
  1.151
  1.331
  1.461
  1.366
  1.018
  0.745
  0.701
  0.789
  0.871
  0.935
  0.911
  0.891
  0.828
  0.708
  0.575
  0.623
  0.790
  0.959
  1.088
  1.226
  1.333
  1.347
  1.157
  1.169
  1.400
  1.779
  2.050
  2.011
  1.739
  1.422
  1.086
  0.752
  0.494
  0.349
  0.288
  0.358
  0.494
  0.637
  0.725
  0.698
  0.775
  0.970
  1.158
  1.216
  1.123
  0.956
  0.726
  0.550
  0.394
  0.377
  0.484
  0.761
  1.101
  1.322
  1.323
  1.200
  1.130
  1.207
  1.279
  1.254
  1.176
