0.000 0.000 0.000
0.114 0.000 0.000
0.228 0.000 0.000
0.342 0.000 0.000
0.456 0.000 0.000
0.570 0.000 0.000
0.684 0.000 0.000
0.798 0.000 0.000
0.912 0.000 0.000
1.026 0.000 0.000
1.140 0.000 0.000
1.254 0.000 0.000
1.368 0.000 0.000
1.482 0.000 0.000
1.596 0.000 0.000
1.710 0.000 0.000
1.824 0.000 0.000
1.938 0.000 0.000
2.052 0.000 0.000
2.166 0.000 0.000
2.280 0.000 0.000
2.394 0.000 0.000
2.508 0.000 0.000
2.622 0.000 0.000
2.736 0.000 0.000
2.850 0.000 0.000
2.964 0.000 0.000
3.078 0.000 0.000
3.192 0.000 0.000
3.306 0.000 0.000
3.420 0.000 0.000
3.534 0.000 0.000
3.648 0.000 0.000
3.762 0.000 0.000
3.876 0.000 0.000
3.990 0.000 0.000
4.104 0.000 0.000
4.218 0.000 0.000
4.332 0.000 0.000
4.446 0.000 0.000
4.560 0.000 0.000
4.674 0.000 0.000
4.788 0.000 0.000
4.902 0.000 0.000
5.016 0.000 0.000
5.130 0.000 0.000
5.244 0.000 0.000
5.358 0.000 0.000
5.472 0.000 0.000
5.586 0.000 0.000
5.700 0.000 0.000
5.814 0.000 0.000
5.928 0.000 0.000
6.042 0.000 0.000
6.156 0.000 0.000
6.270 0.000 0.000
6.384 0.000 0.000
6.498 0.000 0.000
6.612 0.000 0.000
6.726 0.000 0.000
6.840 0.000 0.000
6.840 0.114 0.000
6.840 0.228 0.000
6.840 0.342 0.000
6.840 0.456 0.000
6.840 0.570 0.000
6.840 0.684 0.000
6.840 0.798 0.000
6.840 0.912 0.000
6.840 1.026 0.000
6.840 1.140 0.000
6.840 1.254 0.000
6.840 1.368 0.000
6.840 1.482 0.000
6.840 1.596 0.000
6.840 1.710 0.000
6.840 1.824 0.000
6.840 1.938 0.000
6.840 2.052 0.000
6.840 2.166 0.000
6.840 2.280 0.000
6.840 2.394 0.000
6.840 2.508 0.000
6.840 2.622 0.000
6.840 2.736 0.000
6.840 2.850 0.000
6.840 2.964 0.000
6.840 3.078 0.000
6.840 3.192 0.000
6.840 3.306 0.000
6.840 3.420 0.000
6.840 3.534 0.000
6.840 3.648 0.000
6.840 3.762 0.000
6.840 3.876 0.000
6.840 3.990 0.000
6.840 4.104 0.000
6.840 4.218 0.000
6.840 4.332 0.000
6.840 4.446 0.000
6.840 4.560 0.000
6.840 4.674 0.000
6.840 4.788 0.000
6.840 4.902 0.000
6.840 5.016 0.000
6.840 5.130 0.000
6.840 5.244 0.000
6.840 5.358 0.000
6.840 5.472 0.000
6.840 5.586 0.000
6.840 5.700 0.000
6.840 5.814 0.000
6.840 5.928 0.000
6.840 6.042 0.000
6.840 6.156 0.000
6.840 6.270 0.000
6.840 6.384 0.000
6.840 6.498 0.000
6.840 6.612 0.000
6.840 6.726 0.000
6.840 6.840 0.000
6.840 6.840 0.177
6.840 6.840 0.354
6.840 6.840 0.531
6.840 6.840 0.708
6.840 6.840 0.885
6.840 6.840 1.062
6.840 6.840 1.239
6.840 6.840 1.416
6.840 6.840 1.593
6.840 6.840 1.770
6.840 6.840 1.946
6.840 6.840 2.123
6.840 6.840 2.300
6.840 6.840 2.477
6.840 6.840 2.654
6.840 6.840 2.831
6.840 6.840 3.008
6.840 6.840 3.185
6.840 6.840 3.362
6.840 6.840 3.539
6.840 6.840 3.716
6.840 6.840 3.893
6.840 6.840 4.070
6.840 6.840 4.247
6.840 6.840 4.424
6.840 6.840 4.601
6.840 6.840 4.778
6.840 6.840 4.955
6.840 6.840 5.132
6.840 6.840 5.309
6.840 6.840 5.485
6.840 6.840 5.662
6.840 6.840 5.839
6.840 6.840 6.016
6.840 6.840 6.193
6.840 6.840 6.370
6.840 6.840 6.547
6.840 6.840 6.724
6.840 6.840 6.901
6.840 6.840 7.078
6.840 6.840 7.255
6.840 6.840 7.432
6.840 6.840 7.609
6.840 6.840 7.786
6.840 6.840 7.963
6.840 6.840 8.140
6.840 6.840 8.317
6.840 6.840 8.494
6.840 6.840 8.671
6.840 6.840 8.848
6.840 6.840 9.025
6.840 6.840 9.201
6.840 6.840 9.378
6.840 6.840 9.555
6.840 6.840 9.732
6.840 6.840 9.909
6.840 6.840 10.086
6.840 6.840 10.263
6.840 6.840 10.440
