0.000 0.000 0.000
0.083 0.000 0.000
0.167 0.000 0.000
0.250 0.000 0.000
0.333 0.000 0.000
0.417 0.000 0.000
0.500 0.000 0.000
0.583 0.000 0.000
0.667 0.000 0.000
0.750 0.000 0.000
0.833 0.000 0.000
0.917 0.000 0.000
1.000 0.000 0.000
1.083 0.000 0.000
1.167 0.000 0.000
1.250 0.000 0.000
1.333 0.000 0.000
1.417 0.000 0.000
1.500 0.000 0.000
1.583 0.000 0.000
1.667 0.000 0.000
1.750 0.000 0.000
1.833 0.000 0.000
1.917 0.000 0.000
2.000 0.000 0.000
2.083 0.000 0.000
2.167 0.000 0.000
2.250 0.000 0.000
2.333 0.000 0.000
2.417 0.000 0.000
2.500 0.000 0.000
2.583 0.000 0.000
2.667 0.000 0.000
2.750 0.000 0.000
2.833 0.000 0.000
2.917 0.000 0.000
3.000 0.000 0.000
3.083 0.000 0.000
3.167 0.000 0.000
3.250 0.000 0.000
3.333 0.000 0.000
3.417 0.000 0.000
3.500 0.000 0.000
3.583 0.000 0.000
3.667 0.000 0.000
3.750 0.000 0.000
3.833 0.000 0.000
3.917 0.000 0.000
4.000 0.000 0.000
4.083 0.000 0.000
4.167 0.000 0.000
4.250 0.000 0.000
4.333 0.000 0.000
4.417 0.000 0.000
4.500 0.000 0.000
4.583 0.000 0.000
4.667 0.000 0.000
4.750 0.000 0.000
4.833 0.000 0.000
4.917 0.000 0.000
5.000 0.000 0.000
5.000 0.083 0.000
5.000 0.167 0.000
5.000 0.250 0.000
5.000 0.333 0.000
5.000 0.417 0.000
5.000 0.500 0.000
5.000 0.583 0.000
5.000 0.667 0.000
5.000 0.750 0.000
5.000 0.833 0.000
5.000 0.917 0.000
5.000 1.000 0.000
5.000 1.083 0.000
5.000 1.167 0.000
5.000 1.250 0.000
5.000 1.333 0.000
5.000 1.417 0.000
5.000 1.500 0.000
5.000 1.583 0.000
5.000 1.667 0.000
5.000 1.750 0.000
5.000 1.833 0.000
5.000 1.917 0.000
5.000 2.000 0.000
5.000 2.083 0.000
5.000 2.167 0.000
5.000 2.250 0.000
5.000 2.333 0.000
5.000 2.417 0.000
5.000 2.500 0.000
5.000 2.583 0.000
5.000 2.667 0.000
5.000 2.750 0.000
5.000 2.833 0.000
5.000 2.917 0.000
5.000 3.000 0.000
5.000 3.083 0.000
5.000 3.167 0.000
5.000 3.250 0.000
5.000 3.333 0.000
5.000 3.417 0.000
5.000 3.500 0.000
5.000 3.583 0.000
5.000 3.667 0.000
5.000 3.750 0.000
5.000 3.833 0.000
5.000 3.917 0.000
5.000 4.000 0.000
5.000 4.083 0.000
5.000 4.167 0.000
5.000 4.250 0.000
5.000 4.333 0.000
5.000 4.417 0.000
5.000 4.500 0.000
5.000 4.583 0.000
5.000 4.667 0.000
5.000 4.750 0.000
5.000 4.833 0.000
5.000 4.917 0.000
5.000 5.000 0.000
5.000 5.000 0.083
5.000 5.000 0.167
5.000 5.000 0.250
5.000 5.000 0.333
5.000 5.000 0.417
5.000 5.000 0.500
5.000 5.000 0.583
5.000 5.000 0.667
5.000 5.000 0.750
5.000 5.000 0.833
5.000 5.000 0.917
5.000 5.000 1.000
5.000 5.000 1.083
5.000 5.000 1.167
5.000 5.000 1.250
5.000 5.000 1.333
5.000 5.000 1.417
5.000 5.000 1.500
5.000 5.000 1.583
5.000 5.000 1.667
5.000 5.000 1.750
5.000 5.000 1.833
5.000 5.000 1.917
5.000 5.000 2.000
5.000 5.000 2.083
5.000 5.000 2.167
5.000 5.000 2.250
5.000 5.000 2.333
5.000 5.000 2.417
5.000 5.000 2.500
5.000 5.000 2.583
5.000 5.000 2.667
5.000 5.000 2.750
5.000 5.000 2.833
5.000 5.000 2.917
5.000 5.000 3.000
5.000 5.000 3.083
5.000 5.000 3.167
5.000 5.000 3.250
5.000 5.000 3.333
5.000 5.000 3.417
5.000 5.000 3.500
5.000 5.000 3.583
5.000 5.000 3.667
5.000 5.000 3.750
5.000 5.000 3.833
5.000 5.000 3.917
5.000 5.000 4.000
5.000 5.000 4.083
5.000 5.000 4.167
5.000 5.000 4.250
5.000 5.000 4.333
5.000 5.000 4.417
5.000 5.000 4.500
5.000 5.000 4.583
5.000 5.000 4.667
5.000 5.000 4.750
5.000 5.000 4.833
5.000 5.000 4.917
