-0.0500 0.9500 0.9000
-0.0500 0.9500 1.0000
-0.0500 0.9500 1.1000
-0.0500 1.0000 0.9000
-0.0500 1.0000 1.0000
-0.0500 1.0000 1.1000
-0.0500 1.0500 0.9000
-0.0500 1.0500 1.0000
-0.0500 1.0500 1.1000
-0.1000 0.9000 0.9000
-0.1000 0.9000 1.0000
-0.1000 0.9000 1.1000
-0.1000 1.0000 0.9000
-0.1000 1.0000 1.0000
-0.1000 1.0000 1.1000
-0.1000 1.1000 0.9000
-0.1000 1.1000 1.0000
-0.1000 1.1000 1.1000
0.0000 0.9000 0.9000
0.0000 0.9000 1.0000
0.0000 0.9000 1.1000
0.0000 0.9500 0.9000
0.0000 0.9500 1.0000
0.0000 0.9500 1.1000
0.0000 1.0000 0.9000
0.0000 1.0000 1.0000
0.0000 1.0000 1.1000
0.0000 1.0500 0.9000
0.0000 1.0500 1.0000
0.0000 1.0500 1.1000
0.0000 1.1000 0.9000
0.0000 1.1000 1.0000
0.0000 1.1000 1.1000
0.0500 0.9500 0.9000
0.0500 0.9500 1.0000
0.0500 0.9500 1.1000
0.0500 1.0000 0.9000
0.0500 1.0000 1.0000
0.0500 1.0000 1.1000
0.0500 1.0500 0.9000
0.0500 1.0500 1.0000
0.0500 1.0500 1.1000
0.1000 0.9000 0.9000
0.1000 0.9000 1.0000
0.1000 0.9000 1.1000
0.1000 1.0000 0.9000
0.1000 1.0000 1.0000
0.1000 1.0000 1.1000
0.1000 1.1000 0.9000
0.1000 1.1000 1.0000
0.1000 1.1000 1.1000
