   1  64   1   0  0.2002283E+02  0.6000000E+03
  CAR 
 si_2x2x2                                
   0   0   0
   1   1
 256 256 256
 256
  0.1000000E-09
  0.6250000E-11
   1
  0.3000000E-14  0.1086180E-08  0.1086180E-08  0.1086180E-08
  0.5624778E+03  0.6003088E+03
  0.000
  0.000
  0.000
  0.000
  0.000
  0.000
  0.000
  0.000
  0.000
  0.000
  0.000
  0.000
  0.000
  0.000
  0.000
  0.000
  0.000
  0.000
  0.000
  0.000
  0.000
  0.000
  0.000
  0.000
  0.000
  0.000
  0.000
  0.000
  0.000
  0.000
  0.000
  0.000
  0.000
  0.016
  0.188
  1.058
  3.651
  6.915
  4.192
  1.640
  0.436
  0.180
  0.054
  0.014
  0.008
  0.000
  0.000
  0.000
  0.000
  0.000
  0.000
  0.002
  0.030
  0.033
  0.083
  0.183
  0.351
  0.643
  1.147
  2.265
  3.772
  4.745
  3.431
  1.990
  1.135
  0.669
  0.484
  0.607
  0.735
  1.156
  1.865
  2.870
  3.087
  2.008
  1.120
  0.601
  0.373
  0.225
  0.145
  0.088
  0.084
  0.118
  0.159
  0.272
  0.470
  0.734
  0.989
  0.887
  0.711
  0.518
  0.449
  0.609
  0.911
  1.412
  2.000
  1.580
  0.992
  0.541
  0.313
  0.237
  0.250
  0.338
  0.561
  0.849
  1.439
  2.300
  3.117
  2.303
  1.521
  1.183
  1.101
  1.319
  1.747
  1.527
  1.021
  0.611
  0.394
  0.289
  0.231
  0.289
  0.484
  0.832
  1.280
  1.219
  0.999
  0.909
  1.106
  1.608
  2.157
  1.611
  1.011
  0.636
  0.483
  0.480
  0.620
  0.990
  1.476
  1.833
  1.361
  1.003
  0.870
  0.894
  0.978
  0.701
  0.422
  0.291
  0.235
  0.230
  0.297
  0.454
  0.602
  0.598
  0.692
  0.997
  1.409
  1.570
  1.084
  0.775
  0.676
  0.840
  1.332
  2.069
  2.905
  2.392
  1.898
  1.800
  2.073
  1.701
  1.099
  0.655
  0.416
  0.265
  0.164
  0.125
  0.155
  0.234
  0.395
  0.612
  0.568
  0.467
  0.439
  0.570
  0.887
  1.373
  1.710
  1.435
  1.227
  1.342
  1.322
  0.916
  0.664
  0.604
  0.676
  0.912
  1.169
  1.062
  1.238
  1.621
  1.430
  0.993
  0.678
  0.618
  0.741
  0.988
  0.951
  0.855
  0.903
  0.930
  0.684
  0.537
  0.571
  0.741
  1.060
  1.083
  1.114
  1.387
  1.480
  1.115
  1.011
  1.271
  1.791
  2.430
  2.012
  1.618
  1.485
  1.084
  0.690
  0.453
  0.332
  0.287
  0.333
  0.482
  0.735
  0.735
  0.659
  0.706
  0.920
  1.301
  1.270
  1.056
  0.963
  0.764
  0.514
  0.374
  0.356
  0.443
  0.700
  1.099
  1.565
  1.331
  1.057
  1.021
  1.203
  1.424
  1.240
  1.195
